0  0  0.0400988  0.0300916
0.100889  0.643781  0.0830171  0.0622992
0.120991  -2.49781  -0.0778684  -0.0584353
0.050846  -2.49781  0.159631  0.119793
0.666489  0.643781  0.230898  0.173275
0.590659  0.643781  -0.0667948  -0.0501253
0.151426  -2.49781  -0.0817295  -0.0613329
0.663581  -2.49781  -0.0659425  -0.0494857
0.0553666  -2.49781  0.318887  0.239305
0.159255  0.643781  -0.117215  -0.0879622
0.351874  0.643781  0.292135  0.219229
0.00561785  0.643793  -0.270533  -0.203018
0.973417  -2.49781  -0.0810974  -0.0608585
1.16603  -2.49781  -0.0576489  -0.0432619
0.863938  -2.49781  0.0831545  0.0624023
0.0844339  -2.49781  0.179844  0.134962
0.0613544  0.64378  -0.080959  -0.0607546
0.599292  -2.49781  -0.172173  -0.129205
0.684339  -2.49781  0.0592131  0.0444357
0.356136  -2.49781  0.00365069  0.00273961
0.771959  -2.49781  -0.23019  -0.172743
0.537672  -2.49781  0.18672  0.140122
0.460584  -2.49781  -0.234099  -0.175677
0.807192  -2.49781  -0.0395288  -0.0296639
0.221416  -2.49781  0.123479  0.092663
0.0484203  0.643781  -0.0882128  -0.0661982
0.251853  0.643781  0.106734  0.0800974
0.624271  0.643781  0.0354905  0.0266334
0.312617  0.643781  -0.132493  -0.0994278
0.178922  0.643781  0.0609039  0.0457045
0.617976  0.643781  0.119404  0.0896053
1.27687  0.643781  0.22845  0.171437
1.44236  0.643781  0.0303517  0.0227771
1.83593  0.643781  0.355209  0.266562
1.79164  0.643781  -0.0326266  -0.0244842
1.05913  0.643781  0.0529382  0.0397268
0.710583  0.643781  0.071662  0.0537779
0.510179  0.643781  0.0898696  0.0674415
0.134425  -2.49781  -0.129327  -0.0970518
0.545129  -2.49781  0.0826598  0.062031
1.04976  -2.49781  -0.208824  -0.156709
1.64989  -2.49781  -0.0746647  -0.0560312
1.27666  -2.49781  0.110196  0.0826952
0.312843  -2.49781  0.2158  0.161944
0.0466257  -2.49781  -0.062112  -0.0466111
0.0251659  0.643781  0.134919  0.101248
0.812806  0.643781  0.273285  0.205083
0.641289  0.643781  -0.14298  -0.107297
0.334448  0.643781  0.162824  0.122189
0.294021  0.643781  -0.0273522  -0.0205261
0.887791  0.643781  0.413178  0.310064
1.31511  0.643781  0.0423629  0.0317907
0.644175  0.643781  -0.0132911  -0.00997412
0.6066  0.643781  0.23619  0.177246
0.581487  0.643781  0.0274007  0.0205625
0.484768  -2.49781  -0.220148  -0.165207
1.01321  -2.49781  0.0865934  0.064983
0.668083  -2.49781  0.0976473  0.0732782
0.444813  -2.49781  0.0645631  0.0484505
1.07801  -2.49781  -0.252057  -0.189153
1.8765  -2.49781  -0.14175  -0.106374
1.24333  -2.49781  0.229885  0.172514
1.32201  -2.49781  -0.352059  -0.264199
2.00373  -2.49781  -0.127863  -0.0959535
1.84  -2.49781  -0.0953303  -0.0715394
1.68968  -2.49781  -0.148909  -0.111747
1.40975  -2.49781  -0.0633636  -0.0475504
0.46203  -2.49781  0.149187  0.111956
0.26811  0.643781  -0.0250183  -0.0187747
0.38732  0.643781  -0.0333082  -0.0249957
0.612674  0.643781  0.0422823  0.0317302
1.31288  0.643781  0.217942  0.163552
1.58994  0.643781  -0.00374411  -0.00280972
1.62728  0.643781  0.160126  0.120164
1.449  0.643781  -0.0383487  -0.0287783
0.544057  0.219769  -0.110877  -0.232051
2.1008  -0.128574  1.03017  0.0288566
6.27239  -0.0406522  1.7091  -0.0570278
12.8203  0.0445612  3.17361  0.446613
20.8677  0.0956424  3.98211  0.457964
27.8963  0.0928433  4.53973  0.281049
34.6647  0.0908164  5.73228  0.580606
40.9786  0.0903263  6.39329  0.481272
46.568  0.0893835  7.4848  0.705003
201.898  0.0214217  21.4627  0.532134
542.636  0.0067847  43.5387  0.396166
943.925  0.00285412  65.711  0.33242
1265.43  0.000928023  87.5581  0.0246828
1474.88  -0.000262629  109.878  0.0720748
1586.53  -0.00101248  131.986  -0.0405639
1594.73  -0.00187718  153.948  -0.261629
1599.7  -0.00244408  176.409  -0.1091
1601.52  -0.00306843  198.094  -0.538236
1600.21  -0.00408282  220.043  -0.769555
1597.43  -0.00500604  242.119  -0.905836
1594.55  -0.00543871  264.509  -0.80541
1509.7  -0.00617094  280.816  -1.21398
1389.11  -0.0071041  296.51  -1.1491
1266.87  -0.00785876  311.923  -1.3084
1172.82  -0.00859958  327.331  -1.46759
1161.99  -0.00827258  343.174  -1.29392
1093.73  -0.00800776  358.598  -1.42857
1091.72  -0.00749459  374.021  -1.5571
1090.15  -0.00737617  389.279  -1.80269
1089.4  -0.00722946  404.908  -1.7631
1089.28  -0.00703076  420.22  -1.9549
1089.31  -0.00700687  435.643  -2.05604
1089.71  -0.00688681  451.12  -2.11088
1090.76  -0.00640731  466.76  -2.03579
929.145  -0.00697224  465.644  -2.21157
606.589  -0.00990608  464.816  -2.17018
301.41  -0.0190391  463.627  -2.4
83.2127  -0.0649458  462.917  -2.27033
44.8342  -3.03011  461.812  -2.43759
57.1281  -3.05209  460.66  -2.6397
120.713  -3.09978  459.938  -2.51899
118.834  -3.10342  459.064  -2.51198
115.227  -3.10394  457.896  -2.72645
110.662  -3.1015  456.945  -2.77705
104.873  -3.1018  456.201  -2.67312
99.1592  -3.09983  454.936  -2.95961
94.0207  -3.09428  454.014  -2.98902
88.9529  -3.0905  453.094  -3.0174
84.191  -3.08825  452.17  -3.04802
79.4804  -3.08487  451.469  -3.16974
72.959  -3.08343  451.669  -3.03389
64.7611  -3.08107  451.454  -3.19554
56.2594  -3.07252  451.369  -3.25969
47.5423  -3.06268  451.386  -3.24684
38.0715  -3.06769  451.834  -2.91067
29.1316  -3.08075  451.601  -3.08524
22.4052  -3.06533  451.269  -3.33419
0  0  -0.0697774  -0.0523636
0.477901  0.643781  0.133523  0.100201
0.946529  0.643781  0.0178863  0.0134225
0.725316  0.643781  -0.0941785  -0.0706751
0.42946  0.643781  -0.0380585  -0.0285605
0.532725  0.643781  0.0541383  0.0406274
0.782788  0.643781  0.0585831  0.043963
1.17395  0.643781  0.16236  0.121841
1.51771  0.643781  0.12327  0.0925064
0.97113  0.643781  -0.145641  -0.109295
0.547864  -2.49781  -0.366794  -0.275256
1.24308  -2.49781  -0.019469  -0.0146102
0.197268  -2.49781  0.298836  0.224258
0.896653  0.643781  0.161219  0.120985
0.592898  0.643781  -0.155819  -0.116932
0.0861204  0.643781  0.0153043  0.0114849
0.00316721  0.643781  -0.0179821  -0.0134944
0.230928  -2.49781  -0.0628406  -0.0471579
1.13505  -2.49781  -0.34187  -0.256552
1.66248  -2.49781  -0.0693403  -0.0520355
1.18185  -2.49781  0.0157092  0.0117888
0.514676  -2.49781  0.0537449  0.0403321
0.212443  -2.49781  -0.0635551  -0.0476941
0.0211865  -2.49781  0.0267673  0.0200872
0.358892  0.643781  0.0498806  0.0374322
0.499293  0.643781  -0.0178558  -0.0133997
0.521306  0.643781  0.0202168  0.0151714
1.05421  0.643781  0.217457  0.163188
1.40912  0.643781  0.0545539  0.0409393
1.00358  0.643781  -0.0496801  -0.0372818
0.773536  0.643781  0.088916  0.0667259
0.658289  0.643781  0.00215459  0.00161689
0.742769  0.643781  0.164166  0.123196
0.460913  0.643781  -0.109757  -0.082366
0.119597  -2.49781  -0.0178356  -0.0133845
0.145432  -2.49781  0.0615963  0.0462241
0.382832  0.643781  0.220212  0.165255
2.25969  0.643781  0.726267  0.545018
2.64005  0.643781  -0.0802655  -0.0602342
1.86481  0.643781  0.250422  0.187926
1.67711  0.643781  0.149144  0.111924
0.606932  0.643781  -0.12357  -0.0927316
0.0346741  0.643782  0.211402  0.158644
0.185519  -2.49781  -0.00766596  -0.00575282
0.957631  -2.49781  -0.078492  -0.0589033
2.2369  -2.49781  -0.347354  -0.260667
2.06896  -2.49781  0.301473  0.226237
1.89691  -2.49781  -0.298286  -0.223845
2.0961  -2.49781  0.0592691  0.0444778
1.14538  -2.49781  0.160391  0.120364
1.24159  -2.49781  -0.281496  -0.211245
1.20613  -2.49781  0.129952  0.0975207
0.886513  -2.49781  -0.137162  -0.102932
0.225547  -2.49781  0.266899  0.200291
0.965067  0.643781  0.209327  0.157087
0.963824  0.643781  -0.0780366  -0.0585615
0.0533916  0.643781  -0.188314  -0.141318
0.574026  -2.49781  -0.0815022  -0.0611623
0.923774  -2.49781  -0.148684  -0.111578
0.400448  -2.49781  0.219507  0.164726
0.950728  0.643781  0.29995  0.225094
1.09695  0.643781  -0.096366  -0.0723166
0.499503  0.643781  -0.0179887  -0.0134994
0.834988  0.643781  0.245515  0.184243
0.75654  0.643781  -0.105991  -0.0795394
0.356941  0.643781  0.0770521  0.0578228
0.241747  0.643781  -0.0070935  -0.00532322
0.929017  0.643781  0.400124  0.300268
1.4562  0.643781  0.0741895  0.0556746
0.990824  0.643781  0.0389002  0.0291922
0.778927  0.643781  0.141529  0.106209
0.97879  0.643781  0.215518  0.161733
0.552074  0.643781  -0.071312  -0.0535152
0.690403  -2.49781  -0.203904  -0.153017
1.96355  -2.49781  -0.267709  -0.200899
1.91476  -2.49781  0.151654  0.113807
1.7143  -2.49781  -0.192324  -0.144327
2.239  -2.49781  -0.205877  -0.154497
1.61543  -2.49781  0.181848  0.136466
1.22196  -2.49781  -0.218615  -0.164057
1.56313  -2.49781  -0.151411  -0.113625
1.34081  -2.49781  -0.0472493  -0.0354577
0.850685  -2.49781  -0.0271303  -0.0203596
0.178586  0.643781  0.227005  0.170353
1.5903  0.643781  0.29476  0.221199
2.52294  0.643781  0.239681  0.179866
2.27022  0.643781  -0.0459674  -0.0344957
1.56911  0.643781  0.0348671  0.0261655
0.914314  0.643781  -0.0710668  -0.0533312
0.0209317  0.643782  -0.139945  -0.10502
0.63699  -2.49781  -0.0888353  -0.0666653
0.355172  -2.49781  0.170145  0.127683
0.202973  -2.49781  -0.0883986  -0.0663376
0.741067  -2.49781  -0.137056  -0.102852
0.999555  -2.49781  -0.0573238  -0.0430179
1.43954  -2.49781  -0.258974  -0.194343
1.869  -2.49781  -0.160059  -0.120114
1.74786  -2.49781  -0.107116  -0.0803837
1.0986  -2.49781  0.0481641  0.0361442
0.748157  -2.49781  -0.160169  -0.120197
0.847481  -2.49781  -0.138263  -0.103758
0.344219  -2.49781  0.0681707  0.0511578
0.273416  -2.49781  -0.244651  -0.183595
0.508597  -2.49781  -0.0930506  -0.0698286
0.697097  -2.49781  -0.248334  -0.186359
0.608973  -2.49781  -0.0305097  -0.0228956
0.136718  0.643781  0.0530484  0.0398095
1.21298  0.643781  0.214671  0.161097
2.06537  0.643781  0.134825  0.101178
0.971404  0.643781  -0.472196  -0.354353
0.142088  -2.49781  -0.0545827  -0.0409609
0.0273333  0.64378  -0.0222652  -0.0167087
1.0764  0.643781  0.344748  0.258712
1.62913  0.643781  -0.0403508  -0.0302808
1.43314  0.643781  0.087676  0.0657954
1.44875  0.643781  0.0697943  0.0523762
1.12163  0.643781  -0.0272612  -0.0204579
0.682151  0.643781  -0.005268  -0.0039533
0.360552  -2.49781  -0.321498  -0.241264
0.941971  -2.49781  0.0194692  0.0146104
0.744762  -2.49781  -0.0454258  -0.0340892
0.835141  -2.49781  -0.101317  -0.0760324
0.293449  -2.49781  0.18837  0.14136
0.396789  0.643781  0.054362  0.0407952
0.827621  0.643781  0.157573  0.118249
0.653105  0.643781  -0.120822  -0.0906692
0.0889152  0.643781  -0.0462166  -0.0346827
0.099289  -2.49781  -0.0208984  -0.0156829
0.712705  -2.49781  -0.249826  -0.187478
1.85133  -2.49781  -0.360543  -0.270565
1.23981  -2.49781  0.30188  0.226542
0.645632  -2.49781  -0.246397  -0.184906
0.087153  -2.49781  0.287067  0.215426
0.90423  0.643781  0.0632374  0.0474557
1.29208  0.643781  0.148302  0.111292
1.16747  0.643781  -0.0698486  -0.052417
0.128052  0.643781  -0.255173  -0.191491
0.197495  0.643781  0.255421  0.191677
0.905013  0.643781  0.0846184  0.0635008
0.961129  0.643781  0.0668398  0.0501591
1.39529  0.643781  0.270947  0.203329
0.574127  0.643781  -0.361363  -0.27118
0.528417  -2.49781  -0.00720999  -0.00541065
0.842724  -2.49781  -0.135642  -0.101791
0.213653  0.643781  0.504949  0.378932
0.901336  0.643781  -0.0871499  -0.0654005
0.587008  0.643781  0.118863  0.0891992
0.196523  0.643781  -0.123653  -0.0927941
0.518536  -2.49781  -0.0898658  -0.0674386
0.0649056  -2.49781  0.277381  0.208157
0.623484  0.643781  0.104861  0.078692
2.19802  0.238135  0.935335  0.125137
6.23323  0.104192  1.79653  0.11224
11.8741  0.0573792  2.67125  0.109494
17.917  0.0175001  3.30026  -0.0776439
23.7062  -0.0215702  4.01185  -0.202812
29.633  -0.0392818  4.97236  -0.141179
35.9571  -0.0331329  6.0443  0.00407071
41.9193  -0.0245086  6.83778  -0.0596362
47.2577  -0.0167323  7.84079  0.0338894
52.516  0.00319042  8.99248  0.35001
179.182  0.00542074  20.3028  0.139265
452.996  0.00222146  38.3875  0.0688375
774.207  0.000526763  56.2438  -0.173095
1034.86  -0.000420392  74.4273  -0.169464
1205.1  -0.00103347  92.4349  -0.297818
1291.74  -0.00191251  110.26  -0.562881
1298.59  -0.00267443  128.571  -0.464226
1302.52  -0.00338466  146.349  -0.764638
1303.95  -0.00416049  164.477  -0.802536
1304.66  -0.00429406  182.893  -0.624628
1303.48  -0.00474385  200.338  -1.17481
1298.85  -0.00517087  217.494  -0.913558
1232.38  -0.00526402  233.146  -1.00287
1222.99  -0.00540726  248.605  -1.2492
1143.59  -0.00616833  264.197  -1.39299
1138.37  -0.00666584  279.736  -1.57068
1133.35  -0.00694786  295.509  -1.56546
1129.33  -0.00663344  311.396  -1.46838
1125.57  -0.00632814  326.833  -1.70268
1121.49  -0.00649108  342.301  -1.90588
1117.92  -0.00659955  358.024  -1.91174
1115.42  -0.00627873  373.805  -1.86699
1112.93  -0.00623957  389.07  -2.20295
1110.49  -0.00644467  404.746  -2.22381
1109.69  -0.00576428  420.857  -1.91153
1108.44  -0.00560893  435.69  -2.55115
1106.69  -0.00597802  451.533  -2.42628
1105.45  -0.00614411  466.892  -2.65736
921.093  -0.00780037  465.118  -2.77488
584.306  -0.0120168  463.697  -2.6266
268.393  -0.0242802  461.928  -2.73863
42.4527  -0.135954  460.497  -2.59732
93.1756  -3.08569  458.512  -2.87209
105.252  -3.0992  457.287  -2.57606
169.329  -3.11886  455.217  -2.91412
168.91  -3.11856  453.526  -2.96767
166.078  -3.11842  451.883  -2.98534
162.266  -3.11582  449.891  -3.26531
157.329  -3.11424  448.536  -3.06674
151.88  -3.11328  446.592  -3.31044
146.253  -3.11327  445.22  -3.12492
141.216  -3.11184  443.112  -3.49183
136.5  -3.11114  441.841  -3.23054
129.184  -3.11299  441.449  -3.3453
118.186  -3.1131  441.454  -3.34097
40.6873  -3.07156  441.533  -3.28195
35.6366  -3.08548  441.703  -3.15449
30.463  -3.09466  441.458  -3.33832
25.0783  -3.10931  441.779  -3.09731
20.2495  -3.11672  441.37  -3.40445
16.4688  -3.09668  441.396  -3.38477
0  0  0.0421563  0.0316357
0.00389096  -2.49781  0.0405012  0.0303936
0.388101  -2.49781  -0.120378  -0.0903363
0.646722  -2.49781  0.0204741  0.0153645
0.779315  -2.49781  -0.0973281  -0.0730386
1.09831  -2.49781  -0.104692  -0.0785648
0.366454  -2.49781  0.285909  0.214557
0.437399  0.643781  0.0514464  0.0386073
0.135394  -2.49781  -0.21612  -0.162185
0.771976  -2.49781  -0.0787687  -0.059111
1.33865  -2.49781  -0.266906  -0.200296
1.9107  -2.49781  -0.200375  -0.150369
1.89771  -2.49781  -0.122504  -0.0919316
1.86699  -2.49781  -0.223185  -0.167486
1.59649  -2.49781  -0.0674118  -0.0505884
0.785857  -2.49781  0.0230919  0.017329
0.386086  0.643781  0.180007  0.135084
0.677276  0.643781  -0.180827  -0.135699
0.442457  0.643781  -0.0324249  -0.0243328
1.80541  0.643781  0.495289  0.371683
2.26415  0.643781  -0.152056  -0.114108
1.5281  0.643781  0.0218038  0.0163624
1.12099  0.643781  -0.0520211  -0.0390386
0.661527  0.643781  -0.0351442  -0.0263736
0.423757  0.643781  0.00118591  0.000889955
0.468879  0.643781  0.0686648  0.0515286
1.03155  0.643781  0.244279  0.183316
1.37718  0.643781  0.0872559  0.0654801
1.28565  0.643781  0.113472  0.0851539
1.42339  0.643781  0.203667  0.15284
1.04554  0.643781  -0.0486291  -0.0364931
0.23255  -2.49781  -0.231357  -0.173619
0.0562573  -2.49781  0.386601  0.29012
0.268323  0.643781  -0.08039  -0.0603277
0.197366  -2.49781  0.0456398  0.0342498
0.639571  -2.49781  -0.118703  -0.0890789
1.31482  -2.49781  -0.139884  -0.104974
1.55245  -2.49781  -0.0466672  -0.0350208
1.5724  -2.49781  -0.0997183  -0.0748323
1.17171  -2.49781  0.0905326  0.067939
0.525997  -2.49781  0.0499728  0.0375015
0.12248  -2.49781  0.0520339  0.0390482
0.870641  -2.49781  -0.392253  -0.294362
1.57957  -2.49781  -0.0910062  -0.0682945
1.072  -2.49781  0.0363606  0.0272863
0.556915  -2.49781  -0.0337942  -0.0253604
0.339027  -2.49781  -0.0456289  -0.0342416
0.33593  0.643781  0.179179  0.134462
0.763724  0.643781  -0.0353903  -0.0265582
0.354512  -2.49781  -0.432469  -0.324541
0.553498  -2.49781  0.166128  0.124668
0.492917  -2.49781  -0.293445  -0.220212
0.9094  -2.49781  -0.0897755  -0.0673709
0.751181  -2.49781  -0.0978875  -0.0734584
1.53108  -2.49781  -0.486102  -0.364789
1.42915  -2.49781  0.105607  0.0792512
0.323365  0.643781  0.262608  0.197071
0.600538  0.643781  -0.280516  -0.210509
0.161019  0.643781  -0.0541389  -0.0406278
1.09117  0.643781  0.275638  0.206849
2.13971  0.643781  0.170787  0.128165
2.77237  0.643781  0.263057  0.197408
2.76452  0.643781  0.0459406  0.0344756
