122.43467516294	123.56837743675	135.94492375693	0
1281.7562653755	316.37484642795	173.8617705523	-19.456391555306
1281.501944135	417.05695920286	173.1669545616	-11.474994143192
123.17269564447	123.75332572244	56.08358843167	0
1280.768047783	377.57547636732	171.86501914583	-38.953067372833
1280.0438133531	347.40306760959	169.82797258652	-12.00985784234
135.49189291982	136.25914860547	72.796497259867	0
1274.72788128	390.56480725238	171.90391626072	-44.110872509516
122.51755262754	122.79328834841	166.29964612538	0
123.3838946524	124.4677946169	161.68519534816	0
159.58493165446	141.78408450472	179.16501552289	0
889.23079178606	304.5663542572	177.44776370272	0
122.5555882419	123.32565595614	69.922704539325	0
1280.9073012343	370.28986288744	169.68222494335	1.7022366093008
0	0	120.53593453751	0
123.2362350959	123.44391115864	61.332880014761	0
105.09701188424	106.49364991592	0.75749414045377	-251.73034245085
1293.1372093498	352.07052115496	142.8124767611	-36.320902094007
201.68294711204	203.00605858223	116.63192444298	252.20111067123
1299.1557532525	271.8146792328	151.86325389215	66.923865713995
1282.656350971	363.19022243446	162.48368704547	75.943721157556
467.80523856014  93.555551404213  41.496864287675
478.36467737907  95.890410768734  46.924378479495
477.25504469049  48.286167167401  46.194324914749
480.51634785908  52.277002601379  43.249615049542
478.5743974847  95.124030505008  40.162185436965
470.12978363533  88.230244949946  48.852855536001
470.47352635972  51.68839977252  46.937335101222
473.38970610812  98.148986545993  46.519472804067
472.4283254352  97.382846799464  46.286607868006
480.65511504255  49.274625469472  48.116114486686
