-1.8182089939283  162.8249115413  149.93508056982  152.28488175816
-1.8182089939283  162.8249115413  150.78013331327  152.28488175816
-1.8182089939283  162.8249115413  150.70103391999  152.28488175816
-30.489551367737  0  -168.52040702158  -167.58635747555
-30.489551367737  0  -168.24538536851  -167.58635747555
-34.890387134475  55.070047219221  -27.447473641944  -26.987802620911
-34.890387134475  55.070047219221  -28.018108325695  -26.987802620911
62.170109401097  0  -76.646944689717  -74.480110499371
62.170109401097  0  -76.131317361203  -74.480110499371
-241.93216237981  0  151.6221296199  99.94814049156
-241.93216237981  0  151.58850888237  99.94814049156
-241.93216237981  0  65.63076014377  99.94814049156
36.612229632575  425.71142413428  25.822626303182  96.728077061862
36.612229632575  425.71142413428  26.004666417939  96.728077061862
36.612229632575  425.71142413428  26.081691779407  96.728077061862
8.1777519331361  391.57214357926  35.656323511232  108.61364794083
8.1777519331361  391.57214357926  35.244265655095  108.61364794083
8.1777519331361  391.57214357926  35.290979642083  108.61364794083
-0.061918466083269  370.59938565649  -170.38811828555  104.83401164287
-0.061918466083269  370.59938565649  -168.87328032783  104.83401164287
-0.061918466083269  370.59938565649  -169.48273900178  104.83401164287
-7.3935333513658  155.6183179785  126.82222013102  127.53986908208
-7.3935333513658  155.6183179785  128.22024079086  127.53986908208
-7.3935333513658  155.6183179785  128.09816552203  127.53986908208
-7.3935333513658  155.6183179785  127.60005000709  127.53986908208
11.257023261885  0  -176.69471311599  -172.89398860315
35.804047673733  408.4114651881  30.301270745657  100.46890948873
35.804047673733  408.4114651881  30.241035364659  100.46890948873
35.804047673733  408.4114651881  30.220748095519  100.46890948873
13.146348355691  364.38434095212  23.013608178999  105.643128098
13.146348355691  364.38434095212  25.018585093281  105.643128098
0.13563194029232  327.09915675083  117.98573954607  118.05160282987
0.13563194029232  327.09915675083  93.221413001469  118.05160282987
0.13563194029232  327.09915675083  35.476608981701  118.05160282987
0.13563194029232  327.09915675083  41.635642263507  118.05160282987
0.13563194029232  327.09915675083  46.695098483756  118.05160282987
-55.282332054756  205.67662272434  21.016122420833  37.56680316563
-55.282332054756  205.67662272434  19.208297536427  37.56680316563
-55.282332054756  205.67662272434  19.94232089614  37.56680316563
-3.6658359902786  333.88526311659  121.8760113606  116.20297642682
-3.6658359902786  333.88526311659  116.45804833031  116.20297642682
-3.6658359902786  333.88526311659  29.600434871869  116.20297642682
-3.6658359902786  333.88526311659  27.177027371666  116.20297642682
-3.6658359902786  333.88526311659  33.069978534821  116.20297642682
-3.6658359902786  333.88526311659  36.900164164623  116.20297642682
14.497913321926  0  -74.227025827816  111.95674394933
14.497913321926  0  -75.871772927295  111.95674394933
247.32997619712  0  -101.34527476405  -100.35924412269
247.32997619712  0  -99.963028134195  -100.35924412269
247.32997619712  0  -100.09156003104  -100.35924412269
247.32997619712  0  137.92926910599  -100.35924412269
1.2854628846647  339.01687549488  27.904712046573  112.13304165987
1.2854628846647  339.01687549488  29.862464073563  112.13304165987
1.2854628846647  339.01687549488  174.85947404507  112.13304165987
-36.085831192098  206.89318070816  39.409486527845  -26.670500087221
-36.085831192098  206.89318070816  39.063785876927  -26.670500087221
-36.085831192098  206.89318070816  39.0262050266  -26.670500087221
4.4413472890712  330.59801723411  27.935252001182  107.86639845302
4.4413472890712  330.59801723411  27.933506021368  107.86639845302
4.4413472890712  330.59801723411  27.940032101616  107.86639845302
-2.9167349263567  279.52275535781  120.992813309  116.79328551012
-2.9167349263567  279.52275535781  122.46410365115  116.79328551012
-2.9167349263567  279.52275535781  36.708563980123  116.79328551012
-1.753183503569  201.2171189067  -172.36134518468  -29.614092319682
-1.6445316708178  291.33720764004  -19.144258348685  -12.579036389832
-1.6445316708178  291.33720764004  -174.49006054695  -12.579036389832
-22.769407288066  113.38316887231  -22.898080268795  -23.785123178604
-22.769407288066  113.38316887231  175.35540850803  -23.785123178604
-0.96552390325799  244.74374506586  -20.001137123618  -19.187588097164
